              precision    recall  f1-score   support

           0       0.95      0.95      0.95       200
           1       0.96      0.94      0.95       200
           2       0.92      0.88      0.90       200
           3       0.85      0.86      0.86       200
           4       0.92      0.92      0.92       200
           5       0.90      0.93      0.91       200
           6       0.94      0.93      0.93       200
           7       0.97      0.96      0.97       200
           8       0.95      0.95      0.95       200
           9       0.94      0.97      0.96       200

    accuracy                           0.93      2000
   macro avg       0.93      0.93      0.93      2000
weighted avg       0.93      0.93      0.93      2000
